====================
Reciprocal cycles
====================

Problem 26

A unit fraction contains 1 in the numerator. The decimal representation of the unit fractions
with denominators 2 to 10 are given:

1/2	= 	0.5
1/3	= 	0.(3)
1/4	= 	0.25
1/5	= 	0.2
1/6	= 	0.1(6)
1/7	= 	0.(142857)
1/8	= 	0.125
1/9	= 	0.(1)
1/10	= 	0.1

Where 0.1(6) means 0.166666..., and has a 1-digit recurring cycle. It can be seen that 1/7 has
a 6-digit recurring cycle.

Find the value of d < 1000 for which 1/d contains the longest recurring cycle in its decimal
fraction part.

==========================================================================
Questions
==========================================================================

Can the numbers be positive or negative? No, only positive

What is the range of the numbers? 1 to 1000

Do we know how big a sequence migth be? No

Could we avoid using a bigdecimal implementation? Yes


==========
Algorithm
==========

1. Iterate from 2 to 1000.
  - Create a hash table
  - Divide the current element by 10.
  - If the result is greater than zero
  		check if the result is in the hash table, if it's there,
  		we are done processing this element and the size of the hash table must be check.
  		If it's not, added.
  - Otherwise, multiply by 10 the divisor till the result is greater than zero.
2. Once all the elements have been processed, check which one has the longest reciprocal cycle.



===============================
Running time of the algorithm
===============================

The running time of the algoritm is O (n * m) where n is the number of elementas and m is the
numbers of residuos that the decimal part have.

========
Answer
========

1 / 983 = 0 0 1 17 293 997 965 412 4 69 175 991 861 648 16 276 703 967 446 592 65 106 815 869 786 368 260 427 263 479 145 473 41 709 53 916 581 892 166 836 215 666 327 568 667 344 862 665 310 274 669 379 450 661 241 98 677 517 802 644 964 394 710 71 210 579 857 578 840 284 842 319 430 315 361 139 369 277 721 261 444 557 477 110 885 45 778 229 908 443 540 183 112 919 633 774 160 732 451 678 535 96 642 929 806 714 140 386 571 719 226 856 561 546 286 876 907 426 246 185 147 507 629 704 984 740 590 30 518 819 938 962 360 122 75 279 755 849 440 488 301 119 23 397 761 953 204 476 93 591 47 812 817 904 374 364 191 251 271 617 497 456 765 5 86 469 989 827 60 20 345 879 959 308 240 81 383 519 837 232 960 325 534 79 348 931 841 302 136 317 395 727 365 208 545 269 582 909 460 834 181 78 331 637 843 336 724 313 326 551 373 346 897 253 306 205 493 387 589 13 224 821 973 550 356 52 899 287 894 201 424 211 597 151 576 805 696 846 388 606 307 222 787 385 554 425 228 891 149 542 217 700 915 564 598 168 870 803 662 258 392 675 483 214 649 33 570 701 932 858 596 134 282 807 731 434 384 537 131 230 925 737 538 148 524 923 702 950 152 594 99 694 811 800 610 376 398 779 247 202 441 505 595 116 988 809 766 22 380 467 955 239 64 89 521 871 820 956 256 358 87 487 283 825 25 432 349 949 135 300 101 729 399 796 541 200 406 917 599 186 164 801 627 670 396 744 659 206 510 681 586 978 636 826 42 726 347 914 547 304 170 905 391 658 189 216 683 621 566 632 756 866 734 486 266 531 27 466 937 945 66 124 109 867 751 780 264 496 439 471 7 121 57 985 757 884 28 484 231 943 31 536 113 936 927 772 126 144 455 747 711 88 504 577 822 990 844 354 18 311 291 963 377 416 73 245 167 853 509 664 292 980 671 414 38 657 171 922 685 656 154 628 687 690 742 624 618 514 750 762 970 498 474 59 3 51 881 993 896 236 12 207 527 975 584 944 48 830 111 902 339 776 195 320 447 609 359 104 781 281 790 437 436 419 125 127 161 749 745 676 500 508 646 998 982 706 2 34 587 995 930 824 8 138 351 983 723 296 32 553 407 934 893 184 130 213 631 739 572 736 520 854 526 958 290 946 83 418 107 833 163 784 333 672 431 332 655 137 334 689 725 330 620 549 338 758 901 322 482 197 355 35 605 289 928 789 420 142 421 159 715 157 680 569 684 638 860 630 722 278 738 555 442 522 889 114 954 221 770 91 556 459 816 887 80 366 225 839 267 548 321 464 903 357 70 193 285 859 613 428 280 773 143 438 453 713 123 92 573 753 814 852 492 370 295 15 259 409 969 481 180 61 37 639 877 924 720 244 150 559 511 698 880 976 602 238 46 795 523 906 408 952 187 182 95 625 635 808 748 728 382 502 543 234 994 913 530 10 172 939 979 654 120 40 691 759 918 616 480 162 767 39 674 465 920 651 68 158 697 863 682 604 272 634 791 454 730 417 90 539 165 818 921 668 362 156 663 275 686 673 448 626 653 102 746 693 794 506 612 410 986 775 178 26 449 643 947 100 712 105 798 575 788 402 848 423 194 303 153 611 393 692 777 212 614 445 574 771 108 850 457 782 299 84 435 401 831 129 196 337 741 607 324 516 785 350 966 429 298 67 141 403 865 717 192 268 565 615 462 868 769 74 262 461 851 475 76 297 49 847 405 900 305 188 199 389 623 601 220 752 797 558 494 404 883 11 190 233 977 619 532 44 760 935 910 478 128 179 43 743 641 912 512 716 174 974 567 650 50 864 699 898 270 600 203 458 799 593 82 400 813 835 198 372 329 603 255 340 793 489 318 413 21 363 173 957 273 652 85 452 695 829 94 608 341 810 783 316 378 433 367 243 133 265 513 733 468 972 533 62 54 933 875 890 132 248 219 735 503 560 528 992 878 942 14 242 115 971 515 768 56 968 463 886 63 72 227 873 855 544 252 288 911 495 422 177 9 155 645 981 688 708 36 622 583 926 754 832 146 490 335 707 19 328 585 961 342 828 77 314 343 845 371 312 309 257 375 381 485 249 237 29 501 525 940 996 948 118 6 103 763 987 792 472 24 415 55 951 169 888 97 660 223 804 679 552 390 640 895 218 718 209 562 563 580 874 872 838 250 254 323 499 491 353 

Note:
The results where printed and the strings where compared visually, a better approach is to count
the number of numbers of the decimal part.



